1	6	1	0.136819
1	7	2	0.902858
1	8	2	0.005119
1	15	2	0.638404
2	9	1	0.338843
2	10	3	0.416231
2	11	3	0.115522
2	18	3	-0.705686
3	12	1	0.187787
3	13	1	0.901620
3	14	1	-0.612763
3	17	2	0.840805
4	10	3	-0.494768
4	15	2	-0.634823
4	16	3	0.413056
4	17	3	0.800176
5	18	3	0.198310
5	19	1	-0.697209
5	20	2	0.315104
7	11	1	-0.889987
9	19	1	0.180964
10	14	3	-0.425875
11	13	1	-0.731958
11	14	3	-0.641004
11	15	1	0.136583
11	17	1	0.801297
12	19	3	0.113789
13	6	1	-0.333995
17	19	3	-0.715129
18	8	2	-0.453913
19	12	3	0.335574
19	15	1	-0.783377
