1	1	1	0.952990
2	2	1	0.959214
3	3	1	0.952368
4	4	1	0.983744
5	5	1	0.979731
21	21	1	0.976666
22	22	1	0.952166
23	23	1	0.978072
24	24	1	0.966483
25	25	1	0.975148
26	26	1	0.955595
27	27	1	0.980360
28	28	1	0.978297
29	29	1	0.950338
30	30	1	0.980872
31	31	1	0.995606
32	32	1	0.989526
33	33	1	0.999604
34	34	1	0.997940
35	35	1	0.989598
36	36	1	0.964263
37	37	1	0.981246
38	38	1	0.973905
39	39	1	0.959784
40	40	1	0.969116
41	41	1	0.952694
42	42	1	0.972582
43	43	1	0.999100
44	44	1	0.956197
45	45	1	0.955969
46	46	1	0.986926
47	47	1	0.979365
48	48	1	0.973582
49	49	1	0.955356
50	50	1	0.961461
51	51	1	0.994998
52	52	1	0.970838
53	53	1	0.976793
54	54	1	0.950310
55	55	1	0.965032
56	56	1	0.971845
57	57	1	0.980607
58	58	1	0.995910
59	59	1	0.981287
60	60	1	0.985300
61	61	1	0.957492
62	62	1	0.987303
63	63	1	0.991550
64	64	1	0.981686
65	65	1	0.971915
