1	11	2	0.036291
1	12	2	-0.937901
1	13	3	0.700503
2	14	5	0.365958
2	15	1	-0.179844
2	16	1	-0.651626
2	29	3	-0.654218
3	17	3	0.028009
3	18	5	0.440694
3	19	5	-0.444770
3	35	2	0.399407
4	20	5	0.967385
4	21	4	-0.339985
4	22	4	0.644320
4	26	4	-0.764154
4	27	2	0.973494
5	23	3	0.148469
5	24	3	-0.604694
5	25	1	0.001981
5	34	5	-0.212016
6	11	4	-0.648191
6	26	1	-0.684754
6	27	1	-0.432726
6	28	3	0.546477
7	29	5	0.274783
7	30	5	0.195911
7	31	4	0.074353
7	32	5	-0.895467
8	19	4	-0.709653
8	32	1	-0.882011
8	33	1	0.031972
8	34	3	0.999299
8	37	1	-0.345231
9	35	5	-0.197771
9	36	5	0.138277
9	37	5	0.770774
10	37	4	-0.936384
10	38	5	0.039271
10	39	2	0.750196
10	40	2	-0.722681
11	20	4	0.947578
11	41	3	-0.110404
11	42	1	0.211977
11	43	5	0.935183
11	44	5	-0.630640
11	94	4	-0.174075
11	117	2	-0.926794
11	122	5	0.345656
12	16	1	0.773932
12	27	4	-0.365391
12	31	5	0.015110
12	44	1	-0.132956
12	45	3	-0.522360
12	46	5	0.489528
12	80	3	-0.014264
12	96	3	-0.466519
12	101	4	0.507087
13	22	2	0.044607
13	45	1	0.427273
13	47	5	0.134109
13	48	5	-0.642520
13	49	1	-0.086003
13	70	5	0.692049
13	99	3	0.805110
13	109	2	-0.391693
14	29	4	0.448183
14	50	1	-0.428374
14	51	3	0.861573
14	52	2	-0.759834
14	67	3	0.398414
14	74	2	0.723219
14	126	5	0.537167
15	53	2	0.876911
15	54	5	0.490089
15	55	5	-0.525551
15	92	3	0.619757
15	94	5	0.274967
16	53	5	0.384274
16	56	1	0.667174
16	57	2	0.873114
16	58	3	-0.749337
16	107	5	-0.965948
16	112	4	-0.719120
17	37	1	0.299115
17	38	5	0.389615
17	59	4	-0.149582
17	60	1	-0.567627
17	61	4	-0.890788
17	78	3	-0.638620
17	103	4	0.102484
17	107	3	0.636690
18	50	5	-0.614197
18	62	4	0.395880
18	63	2	0.831616
18	64	3	0.115929
19	29	2	-0.322738
19	54	2	0.957636
19	65	2	0.334052
19	66	3	-0.896049
19	67	3	-0.584102
19	71	1	0.739711
20	26	1	0.937249
20	28	2	-0.179444
20	58	1	-0.745867
20	68	3	0.234887
20	69	1	0.948962
20	70	1	0.520700
20	92	3	0.536158
20	94	2	-0.969650
20	109	3	0.406674
20	119	1	0.338023
21	29	2	0.183443
21	57	2	-0.464863
21	60	5	0.652290
21	71	1	0.294007
21	72	5	0.482721
21	73	3	-0.729496
21	97	1	0.668644
21	100	1	0.046205
21	106	5	-0.922584
21	113	4	-0.047463
22	12	1	-0.873656
22	34	1	-0.515138
22	42	1	-0.190020
22	67	1	0.853131
22	74	5	0.620854
22	75	1	0.174636
22	76	5	0.934685
22	115	1	-0.364828
23	27	4	0.280531
23	77	4	0.657501
23	78	4	-0.329040
23	79	1	0.529380
24	38	2	-0.823990
24	40	4	0.762100
24	43	1	-0.650264
24	78	3	-0.318787
24	80	1	-0.774217
24	81	3	-0.857854
24	82	5	0.732231
24	96	1	-0.613561
24	123	3	0.941851
25	14	4	-0.736447
25	16	5	0.655593
25	71	2	-0.718859
25	83	1	-0.814541
25	84	5	-0.663698
25	85	2	0.308564
25	86	4	-0.210014
25	129	2	-0.873854
26	86	3	0.439442
26	87	4	-0.611264
26	88	5	-0.942556
26	100	5	-0.526908
26	126	1	-0.364248
27	11	5	0.664595
27	44	2	-0.520058
27	65	3	-0.457066
27	81	1	0.254171
27	89	3	-0.916088
27	90	4	0.976700
27	91	5	-0.312038
27	100	2	-0.296857
27	114	3	0.158987
28	26	4	-0.645765
28	73	5	0.420541
28	92	1	0.710165
28	93	1	0.283367
28	94	1	-0.484899
29	38	2	-0.987712
29	50	3	0.594088
29	74	4	0.090046
29	85	3	-0.972032
29	91	4	0.977133
29	95	2	0.174435
29	96	5	0.584995
29	97	2	-0.285595
29	124	5	-0.552409
30	52	2	-0.692170
30	80	3	-0.477410
30	92	3	-0.854168
30	98	2	-0.077822
30	99	4	0.440885
30	100	2	-0.950911
31	101	2	-0.179768
31	102	1	-0.056902
31	103	5	0.846359
32	53	2	0.981910
32	54	1	-0.329499
32	104	4	-0.802977
32	105	3	-0.238661
32	106	5	0.423924
32	122	2	-0.950727
33	28	4	-0.157576
33	107	5	0.150147
33	108	5	0.760511
33	109	3	-0.965380
33	115	1	-0.358784
33	123	3	0.220105
33	124	3	-0.710487
34	40	5	0.476470
34	91	2	0.657373
34	94	1	-0.871994
34	104	3	0.866853
34	110	1	0.138958
34	111	1	-0.661444
34	112	1	0.812045
35	15	3	-0.787230
35	113	4	0.004547
35	114	3	0.455987
35	115	1	-0.231078
35	126	2	-0.383558
36	66	1	-0.034883
36	105	4	-0.880893
36	116	1	-0.441583
36	117	4	-0.345142
36	118	3	0.409535
37	24	1	-0.121192
37	63	4	0.850116
37	119	2	0.638267
37	120	4	0.430105
37	121	4	0.941999
37	128	2	-0.914837
38	30	2	-0.909967
38	79	4	0.669414
38	97	5	-0.058413
38	104	3	-0.474039
38	119	1	0.597693
38	122	1	0.611332
38	123	5	-0.000160
38	124	5	-0.175175
39	34	2	0.287142
39	54	2	0.228463
39	121	3	0.186207
39	125	5	0.106241
39	126	5	-0.722990
39	127	1	0.225669
40	57	3	0.561261
40	91	5	0.906820
40	101	4	-0.419836
40	114	5	-0.247966
40	120	4	0.240043
40	128	3	-0.602456
40	129	3	0.849535
40	130	4	-0.836954
