1	6	1	0.989308
1	7	1	-0.364906
1	8	2	-0.981303
1	15	3	0.954483
2	9	2	-0.830452
2	10	1	0.456857
2	11	1	0.104938
2	18	1	0.948990
3	12	3	-0.488693
3	13	1	0.552361
3	14	3	0.523208
3	17	3	0.317246
4	10	2	-0.596489
4	15	3	0.904391
4	16	3	0.987135
4	17	3	0.090244
5	18	2	0.781114
5	19	3	0.186823
5	20	2	-0.353811
6	21	3	-0.568732
6	22	3	-0.268762
6	23	3	0.565471
6	29	3	0.245553
6	34	2	0.681075
6	46	3	-0.112182
6	47	1	-0.273520
6	51	3	-0.048867
7	11	2	0.281761
7	23	1	-0.657069
7	24	3	-0.745941
7	25	2	0.208668
7	26	1	0.604748
7	48	3	0.958078
7	63	3	0.255364
8	27	3	0.449580
8	28	3	-0.917843
8	29	2	-0.435860
8	46	2	-0.832946
9	19	3	0.018545
9	30	2	0.260629
9	31	2	-0.106520
9	32	2	-0.039223
9	61	3	-0.253153
10	14	1	0.843807
10	27	3	-0.296506
10	29	2	-0.284346
10	33	1	-0.553362
10	34	2	-0.854180
10	35	2	0.511372
10	43	3	-0.247192
10	49	1	-0.256111
11	13	3	0.802279
11	14	2	-0.995621
11	15	1	-0.716425
11	17	2	-0.787079
11	23	1	-0.883216
11	29	2	-0.954639
11	36	3	-0.387326
11	37	3	0.126550
11	38	1	0.131033
11	50	2	-0.633467
12	19	3	0.224735
12	39	2	0.258983
12	40	3	-0.519235
12	41	3	0.712955
12	45	3	0.384690
12	48	2	0.713746
12	62	2	-0.333248
12	65	2	-0.210623
13	6	1	0.153680
13	25	3	0.902978
13	29	3	-0.847675
13	42	2	-0.916197
13	43	1	0.130804
13	44	1	0.133221
13	63	2	0.737742
14	21	3	0.807183
14	44	1	-0.486669
14	45	3	0.803138
14	46	3	0.281826
14	47	1	0.213350
14	57	3	0.255930
15	40	1	-0.428245
15	48	3	-0.136398
15	49	2	0.054484
15	50	1	-0.668583
15	62	2	0.980408
16	27	2	0.428027
16	51	1	-0.858608
16	52	1	-0.676884
16	53	1	0.073412
16	61	3	0.760687
17	19	2	0.705204
17	46	2	0.387693
17	47	2	0.778460
17	52	1	0.566367
17	54	1	-0.882603
17	55	1	-0.896058
17	56	2	-0.190008
17	58	3	-0.782860
17	65	1	0.995660
18	8	2	0.766672
18	57	2	0.906482
18	58	3	0.558571
18	59	1	0.925237
19	12	2	-0.584418
19	15	3	-0.551697
19	32	1	0.450479
19	49	3	0.070964
19	52	2	-0.955778
19	60	2	0.929593
19	61	3	0.860058
19	62	1	0.245924
20	27	2	-0.273878
20	56	1	0.736297
20	63	3	-0.825057
20	64	3	0.564929
20	65	1	0.636628
